1771564873765 0.61655 0
1771564883089 0.84852 1
1771564892195 0.86327 2
1771564901083 0.83728 3
1771564910245 0.85014 4
1771564919295 0.88818 5
1771564928326 0.87212 6
1771564937548 0.87361 7
1771564947147 0.9501 8
1771564956745 0.89308 9
1771564966006 0.94958 10
1771564975174 0.94677 11
1771564984366 0.92426 12
1771564993433 0.90772 13
1771565002385 0.93589 14
1771565012124 0.96013 15
1771565021599 0.91725 16
1771565030697 0.93858 17
1771565039722 0.96322 18
1771565048904 0.96269 19
1771565057917 0.95137 20
1771565066761 0.91152 21
1771565076059 0.92527 22
1771565085215 0.96459 23
1771565093978 0.95336 24
1771565103637 0.96961 25
1771565112722 0.96805 26
1771565121868 0.96934 27
1771565131053 0.97998 28
1771565140193 0.97213 29
1771565149247 0.95607 30
1771565158209 0.97814 31
1771565167343 0.98002 32
1771565176524 0.9807 33
1771565185337 0.97856 34
1771565194356 0.97544 35
1771565203526 0.98017 36
1771565212563 0.98317 37
1771565221521 0.98243 38
1771565230637 0.98359 39
1771565241747 0.97472 40
1771565250806 0.98056 41
1771565259723 0.98128 42
1771565268814 0.98181 43
1771565277819 0.9826 44
1771565286721 0.98223 45
1771565295627 0.98341 46
1771565304737 0.98511 47
1771565313680 0.98571 48
1771565322580 0.98549 49
1771565329754 0.9856308001151994 49
