1771564873765 0.73299 0
1771564883089 0.93613 1
1771564892195 0.96403 2
1771564901083 0.96374 3
1771564910245 0.96809 4
1771564919295 0.97658 5
1771564928326 0.97467 6
1771564937548 0.97438 7
1771564947147 0.98713 8
1771564956745 0.97996 9
1771564966006 0.97737 10
1771564975174 0.9848 11
1771564984366 0.98877 12
1771564993433 0.98984 13
1771565002385 0.98561 14
1771565012124 0.98894 15
1771565021599 0.99222 16
1771565030697 0.99118 17
1771565039722 0.99064 18
1771565048904 0.99085 19
1771565057917 0.98348 20
1771565066761 0.9908 21
1771565076059 0.99243 22
1771565085215 0.98929 23
1771565093978 0.98931 24
1771565103637 0.98922 25
1771565112722 0.98942 26
1771565121868 0.98973 27
1771565131053 0.99365 28
1771565140193 0.99355 29
1771565149247 0.99313 30
1771565158209 0.99246 31
1771565167343 0.99149 32
1771565176524 0.9928 33
1771565185337 0.99138 34
1771565194356 0.99299 35
1771565203526 0.99294 36
1771565212563 0.99335 37
1771565221521 0.99322 38
1771565230637 0.99287 39
1771565241747 0.9945 40
1771565250806 0.99393 41
1771565259723 0.9947 42
1771565268814 0.99449 43
1771565277819 0.99411 44
1771565286721 0.994 45
1771565295627 0.99441 46
1771565304737 0.99421 47
1771565313680 0.99446 48
1771565322580 0.99465 49
1771565329754 0.9944325419719047 49
