1771564873765 0.00668 0
1771564883089 0.89058 1
1771564892195 0.85019 2
1771564901083 0.88958 3
1771564910245 0.88551 4
1771564919295 0.88037 5
1771564928326 0.93076 6
1771564937548 0.90781 7
1771564947147 0.95532 8
1771564956745 0.94632 9
1771564966006 0.9069 10
1771564975174 0.94681 11
1771564984366 0.93415 12
1771564993433 0.9548 13
1771565002385 0.95182 14
1771565012124 0.96873 15
1771565021599 0.96445 16
1771565030697 0.97472 17
1771565039722 0.96663 18
1771565048904 0.97513 19
1771565057917 0.95234 20
1771565066761 0.97932 21
1771565076059 0.97287 22
1771565085215 0.95034 23
1771565093978 0.95179 24
1771565103637 0.94459 25
1771565112722 0.94364 26
1771565121868 0.98404 27
1771565131053 0.97857 28
1771565140193 0.98495 29
1771565149247 0.98875 30
1771565158209 0.97724 31
1771565167343 0.97699 32
1771565176524 0.98124 33
1771565185337 0.97586 34
1771565194356 0.96728 35
1771565203526 0.99053 36
1771565212563 0.98819 37
1771565221521 0.99156 38
1771565230637 0.97994 39
1771565241747 0.98373 40
1771565250806 0.96945 41
1771565259723 0.99238 42
1771565268814 0.9932 43
1771565277819 0.98524 44
1771565286721 0.98329 45
1771565295627 0.98075 46
1771565304737 0.97915 47
1771565313680 0.98969 48
1771565322580 0.98699 49
1771565329754 0.9875515795601297 49
