1771564873765 1.0 0
1771564883089 0.72189 1
1771564892195 0.92956 2
1771564901083 0.88869 3
1771564910245 0.87809 4
1771564919295 0.88956 5
1771564928326 0.91366 6
1771564937548 0.92148 7
1771564947147 0.93971 8
1771564956745 0.9175 9
1771564966006 0.9475 10
1771564975174 0.94661 11
1771564984366 0.9725 12
1771564993433 0.9406 13
1771565002385 0.96661 14
1771565012124 0.9425 15
1771565021599 0.985 16
1771565030697 0.96933 17
1771565039722 0.965 18
1771565048904 0.96557 19
1771565057917 0.9375 20
1771565066761 0.96046 21
1771565076059 0.9601 22
1771565085215 0.96658 23
1771565093978 0.9525 24
1771565103637 0.97067 25
1771565112722 0.98487 26
1771565121868 0.95 27
1771565131053 0.98749 28
1771565140193 0.9756 29
1771565149247 0.965 30
1771565158209 0.96894 31
1771565167343 0.96167 32
1771565176524 0.9675 33
1771565185337 0.96987 34
1771565194356 0.98767 35
1771565203526 0.9675 36
1771565212563 0.98594 37
1771565221521 0.96439 38
1771565230637 0.9675 39
1771565241747 0.98489 40
1771565250806 0.99068 41
1771565259723 0.99 42
1771565268814 0.98776 43
1771565277819 0.99296 44
1771565286721 0.98751 45
1771565295627 0.99832 46
1771565304737 0.995 47
1771565313680 0.9875 48
1771565322580 0.995 49
1771565329754 0.9875 49
