1771564865637 0.0005445533333333334 0
1771564881724 0.001078435644 1
1771564890728 0.0015903135546666669 2
1771564899710 0.0015679802000000001 3
1771564908859 0.0015349736000000002 4
1771564917932 0.001501967 5
1771564926921 0.0014689604 6
1771564936176 0.0014359538 7
1771564945708 0.0014029472000000002 8
1771564955288 0.0013699406000000003 9
1771564964661 0.0013369340000000001 10
1771564973853 0.0013039274 11
1771564983006 0.0012709208 12
1771564992055 0.0012379142000000002 13
1771565001029 0.0012049076 14
1771565010734 0.001171901 15
1771565020265 0.0011388944 16
1771565029268 0.0011058878 17
1771565038403 0.0010728812000000002 18
1771565047568 0.0010398746 19
1771565056534 0.001006868 20
1771565065446 0.0009738614000000002 21
1771565074747 0.0009408548 22
1771565083835 0.0009078482000000002 23
1771565092660 0.0008748416000000001 24
1771565102321 0.0008418350000000001 25
1771565111218 0.0008088284 26
1771565120458 0.0007758218 27
1771565129683 0.0007428151999999999 28
1771565138881 0.0007098086000000001 29
1771565147877 0.0006768020000000001 30
1771565156886 0.0006437954 31
1771565165989 0.0006107888000000001 32
1771565175172 0.0005777822 33
1771565183973 0.0005447756 34
1771565193017 0.0005117690000000001 35
1771565202209 0.00047876240000000006 36
1771565211175 0.00044575580000000005 37
1771565220216 0.0004127492 38
1771565229265 0.00037974259999999996 39
1771565240411 0.00034673599999999994 40
1771565249412 0.00031372940000000014 41
1771565258387 0.00028072280000000007 42
1771565267497 0.00024771620000000005 43
1771565276445 0.0002147096 44
1771565285338 0.00018170299999999996 45
1771565294303 0.00014869639999999995 46
1771565303409 0.00011568980000000008 47
1771565312288 8.268320000000008e-05 48
1771565321221 4.967660000000004e-05 49
