1771564865637 0.49058 0
1771564881724 0.47753 1
1771564890728 0.49827 2
1771564899710 0.54769 3
1771564908859 0.46839 4
1771564917932 0.44389 5
1771564926921 0.4444 6
1771564936176 0.4123 7
1771564945708 0.39746 8
1771564955288 0.41085 9
1771564964661 0.36894 10
1771564973853 0.35034 11
1771564983006 0.36829 12
1771564992055 0.34569 13
1771565001029 0.33628 14
1771565010734 0.36489 15
1771565020265 0.35629 16
1771565029268 0.33942 17
1771565038403 0.32852 18
1771565047568 0.2969 19
1771565056534 0.29765 20
1771565065446 0.3038 21
1771565074747 0.29314 22
1771565083835 0.27583 23
1771565092660 0.27841 24
1771565102321 0.29049 25
1771565111218 0.26315 26
1771565120458 0.25814 27
1771565129683 0.26037 28
1771565138881 0.25346 29
1771565147877 0.24038 30
1771565156886 0.2397 31
1771565165989 0.23583 32
1771565175172 0.22859 33
1771565183973 0.22432 34
1771565193017 0.23249 35
1771565202209 0.2301 36
1771565211175 0.22869 37
1771565220216 0.21097 38
1771565229265 0.20824 39
1771565240411 0.25127 40
1771565249412 0.23712 41
1771565258387 0.20955 42
1771565267497 0.19258 43
1771565276445 0.19346 44
1771565285338 0.19297 45
1771565294303 0.17321 46
1771565303409 0.17206 47
1771565312288 0.16266 48
1771565321221 0.15755 49
