1771564865637 3.29313 0
1771564881724 2.0904 1
1771564890728 1.58887 2
1771564899710 1.28307 3
1771564908859 1.02174 4
1771564917932 0.83939 5
1771564926921 0.69984 6
1771564936176 0.5885 7
1771564945708 0.51278 8
1771564955288 0.45459 9
1771564964661 0.38999 10
1771564973853 0.36501 11
1771564983006 0.33533 12
1771564992055 0.30612 13
1771565001029 0.30524 14
1771565010734 0.28597 15
1771565020265 0.2653 16
1771565029268 0.2614 17
1771565038403 0.23693 18
1771565047568 0.23257 19
1771565056534 0.22038 20
1771565065446 0.21351 21
1771565074747 0.20856 22
1771565083835 0.20107 23
1771565092660 0.20011 24
1771565102321 0.20652 25
1771565111218 0.19584 26
1771565120458 0.18063 27
1771565129683 0.17841 28
1771565138881 0.17496 29
1771565147877 0.16892 30
1771565156886 0.1532 31
1771565165989 0.15485 32
1771565175172 0.15325 33
1771565183973 0.14814 34
1771565193017 0.15514 35
1771565202209 0.14888 36
1771565211175 0.14158 37
1771565220216 0.14454 38
1771565229265 0.13521 39
1771565240411 0.2487 40
1771565249412 0.159 41
1771565258387 0.1362 42
1771565267497 0.11613 43
1771565276445 0.11375 44
1771565285338 0.11812 45
1771565294303 0.111 46
1771565303409 0.11547 47
1771565312288 0.10705 48
1771565321221 0.10651 49
