1771564865637 0.00951 0
1771564881724 0.00929 1
1771564890728 0.00949 2
1771564899710 0.01113 3
1771564908859 0.00901 4
1771564917932 0.00815 5
1771564926921 0.00866 6
1771564936176 0.00762 7
1771564945708 0.00697 8
1771564955288 0.00765 9
1771564964661 0.0065 10
1771564973853 0.00631 11
1771564983006 0.00651 12
1771564992055 0.00602 13
1771565001029 0.00599 14
1771565010734 0.00687 15
1771565020265 0.00632 16
1771565029268 0.00625 17
1771565038403 0.00604 18
1771565047568 0.00497 19
1771565056534 0.0051 20
1771565065446 0.00524 21
1771565074747 0.00506 22
1771565083835 0.00457 23
1771565092660 0.00478 24
1771565102321 0.00494 25
1771565111218 0.00445 26
1771565120458 0.00421 27
1771565129683 0.00428 28
1771565138881 0.00424 29
1771565147877 0.00407 30
1771565156886 0.00425 31
1771565165989 0.00389 32
1771565175172 0.00363 33
1771565183973 0.00366 34
1771565193017 0.00399 35
1771565202209 0.00387 36
1771565211175 0.0037 37
1771565220216 0.00347 38
1771565229265 0.0034 39
1771565240411 0.00598 40
1771565249412 0.00534 41
1771565258387 0.00479 42
1771565267497 0.00418 43
1771565276445 0.00416 44
1771565285338 0.00402 45
1771565294303 0.0035 46
1771565303409 0.00346 47
1771565312288 0.00311 48
1771565321221 0.003 49
