1771566002135 0.49997 0
1771566016306 0.43415 1
1771566027259 0.44581 2
1771566038035 0.4313 3
1771566048975 0.38793 4
1771566059838 0.37451 5
1771566070716 0.35804 6
1771566081303 0.35913 7
1771566092006 0.34962 8
1771566102680 0.34216 9
1771566114476 0.32465 10
1771566125552 0.31732 11
1771566136616 0.31563 12
1771566147755 0.29807 13
1771566158791 0.28867 14
1771566169550 0.28454 15
1771566180377 0.27868 16
1771566191335 0.26731 17
1771566202245 0.27356 18
1771566213158 0.26712 19
1771566223998 0.26188 20
1771566234923 0.25577 21
1771566245666 0.24606 22
1771566256526 0.25539 23
1771566267554 0.24664 24
1771566278462 0.2472 25
1771566289729 0.24498 26
1771566300618 0.23008 27
1771566311546 0.22629 28
1771566322324 0.23068 29
1771566333032 0.21771 30
1771566343892 0.21901 31
1771566354813 0.21621 32
1771566365551 0.21071 33
1771566376265 0.20516 34
1771566386850 0.2076 35
1771566397649 0.20433 36
1771566408484 0.19649 37
1771566419382 0.20078 38
1771566430416 0.19737 39
1771566442600 0.18448 40
1771566453426 0.18664 41
1771566464972 0.1808 42
1771566475839 0.17508 43
1771566486588 0.16768 44
1771566497434 0.16834 45
1771566508578 0.16077 46
1771566519364 0.15554 47
1771566530125 0.14964 48
1771566541036 0.14778 49
