1771566002135 1.51075 0
1771566016306 0.62931 1
1771566027259 0.5577 2
1771566038035 0.49893 3
1771566048975 0.44904 4
1771566059838 0.40742 5
1771566070716 0.37803 6
1771566081303 0.36276 7
1771566092006 0.34012 8
1771566102680 0.32815 9
1771566114476 0.31393 10
1771566125552 0.30837 11
1771566136616 0.29079 12
1771566147755 0.27962 13
1771566158791 0.26685 14
1771566169550 0.26421 15
1771566180377 0.253 16
1771566191335 0.25031 17
1771566202245 0.24309 18
1771566213158 0.24089 19
1771566223998 0.22923 20
1771566234923 0.22297 21
1771566245666 0.22079 22
1771566256526 0.21868 23
1771566267554 0.21577 24
1771566278462 0.21793 25
1771566289729 0.21481 26
1771566300618 0.20689 27
1771566311546 0.20485 28
1771566322324 0.20297 29
1771566333032 0.19485 30
1771566343892 0.1946 31
1771566354813 0.19245 32
1771566365551 0.18845 33
1771566376265 0.18556 34
1771566386850 0.18684 35
1771566397649 0.17772 36
1771566408484 0.17261 37
1771566419382 0.17882 38
1771566430416 0.17175 39
1771566442600 0.19654 40
1771566453426 0.16046 41
1771566464972 0.15401 42
1771566475839 0.14844 43
1771566486588 0.14031 44
1771566497434 0.13991 45
1771566508578 0.13163 46
1771566519364 0.12782 47
1771566530125 0.12556 48
1771566541036 0.12312 49
