1771566002135 1.05396 0
1771566016306 0.99518 1
1771566027259 0.9967 2
1771566038035 0.98324 3
1771566048975 0.95607 4
1771566059838 0.9536 5
1771566070716 0.95112 6
1771566081303 0.95306 7
1771566092006 0.94378 8
1771566102680 0.9435 9
1771566114476 0.92977 10
1771566125552 0.92915 11
1771566136616 0.9234 12
1771566147755 0.92053 13
1771566158791 0.91167 14
1771566169550 0.91992 15
1771566180377 0.91264 16
1771566191335 0.90717 17
1771566202245 0.90836 18
1771566213158 0.89816 19
1771566223998 0.90106 20
1771566234923 0.89633 21
1771566245666 0.90007 22
1771566256526 0.89568 23
1771566267554 0.89782 24
1771566278462 0.90204 25
1771566289729 0.89237 26
1771566300618 0.89195 27
1771566311546 0.88912 28
1771566322324 0.88923 29
1771566333032 0.88822 30
1771566343892 0.88559 31
1771566354813 0.88227 32
1771566365551 0.88437 33
1771566376265 0.87907 34
1771566386850 0.88285 35
1771566397649 0.88548 36
1771566408484 0.87822 37
1771566419382 0.88367 38
1771566430416 0.88329 39
1771566442600 0.85299 40
1771566453426 0.84149 41
1771566464972 0.84561 42
1771566475839 0.8407 43
1771566486588 0.84039 44
1771566497434 0.84987 45
1771566508578 0.83483 46
1771566519364 0.83593 47
1771566530125 0.83362 48
1771566541036 0.82933 49
