1771566006647 0.99345 0
1771566017856 0.995 1
1771566028814 0.995 2
1771566039510 0.995 3
1771566050446 0.995 4
1771566061262 0.995 5
1771566072125 0.995 6
1771566082779 0.995 7
1771566093427 0.995 8
1771566105005 0.995 9
1771566115893 0.995 10
1771566126955 0.995 11
1771566138051 0.995 12
1771566149155 0.995 13
1771566160221 0.995 14
1771566171053 0.995 15
1771566181820 0.995 16
1771566192744 0.995 17
1771566203651 0.995 18
1771566214580 0.995 19
1771566225398 0.995 20
1771566236345 0.995 21
1771566247125 0.995 22
1771566258005 0.995 23
1771566268980 0.995 24
1771566279876 0.995 25
1771566291142 0.995 26
1771566302059 0.995 27
1771566312937 0.995 28
1771566323806 0.995 29
1771566334433 0.995 30
1771566345303 0.995 31
1771566356242 0.995 32
1771566366957 0.995 33
1771566377655 0.995 34
1771566388308 0.995 35
1771566399063 0.995 36
1771566409887 0.995 37
1771566420834 0.995 38
1771566431833 0.995 39
1771566444027 0.995 40
1771566454838 0.995 41
1771566466391 0.995 42
1771566477301 0.995 43
1771566488054 0.995 44
1771566498908 0.995 45
1771566509984 0.995 46
1771566520812 0.995 47
1771566531616 0.995 48
1771566542486 0.995 49
1771566546719 0.995 49
