1771566006647 0.82164 0
1771566017856 0.88432 1
1771566028814 0.84376 2
1771566039510 0.91064 3
1771566050446 0.91625 4
1771566061262 0.92738 5
1771566072125 0.92951 6
1771566082779 0.93861 7
1771566093427 0.92985 8
1771566105005 0.94671 9
1771566115893 0.95104 10
1771566126955 0.93678 11
1771566138051 0.95213 12
1771566149155 0.95198 13
1771566160221 0.96694 14
1771566171053 0.94575 15
1771566181820 0.96378 16
1771566192744 0.9699 17
1771566203651 0.96758 18
1771566214580 0.962 19
1771566225398 0.97191 20
1771566236345 0.97301 21
1771566247125 0.97404 22
1771566258005 0.97603 23
1771566268980 0.9732 24
1771566279876 0.97479 25
1771566291142 0.97566 26
1771566302059 0.97684 27
1771566312937 0.97515 28
1771566323806 0.97882 29
1771566334433 0.97728 30
1771566345303 0.97439 31
1771566356242 0.97918 32
1771566366957 0.97685 33
1771566377655 0.97852 34
1771566388308 0.98164 35
1771566399063 0.98127 36
1771566409887 0.98117 37
1771566420834 0.98126 38
1771566431833 0.98249 39
1771566444027 0.97558 40
1771566454838 0.97619 41
1771566466391 0.97967 42
1771566477301 0.98355 43
1771566488054 0.98468 44
1771566498908 0.98147 45
1771566509984 0.98413 46
1771566520812 0.98519 47
1771566531616 0.98729 48
1771566542486 0.98661 49
1771566546719 0.9879762052048499 49
