1771566006647 0.96315 0
1771566017856 0.98945 1
1771566028814 0.99262 2
1771566039510 0.99753 3
1771566050446 0.99959 4
1771566061262 0.99889 5
1771566072125 0.99584 6
1771566082779 0.99919 7
1771566093427 0.99933 8
1771566105005 0.9997 9
1771566115893 0.99951 10
1771566126955 0.99967 11
1771566138051 0.99917 12
1771566149155 0.99909 13
1771566160221 0.99956 14
1771566171053 0.99732 15
1771566181820 0.99934 16
1771566192744 0.99811 17
1771566203651 0.99938 18
1771566214580 0.99953 19
1771566225398 0.99919 20
1771566236345 0.99909 21
1771566247125 0.99955 22
1771566258005 0.99941 23
1771566268980 0.99952 24
1771566279876 0.99937 25
1771566291142 0.99954 26
1771566302059 0.99956 27
1771566312937 0.99956 28
1771566323806 0.99943 29
1771566334433 0.99927 30
1771566345303 0.99956 31
1771566356242 0.99961 32
1771566366957 0.99961 33
1771566377655 0.99965 34
1771566388308 0.99953 35
1771566399063 0.99934 36
1771566409887 0.99956 37
1771566420834 0.99962 38
1771566431833 0.99977 39
1771566444027 0.99959 40
1771566454838 0.99955 41
1771566466391 0.99954 42
1771566477301 0.99952 43
1771566488054 0.9996 44
1771566498908 0.99957 45
1771566509984 0.99955 46
1771566520812 0.99959 47
1771566531616 0.99958 48
1771566542486 0.99958 49
1771566546719 0.999582626710362 49
