1771566006647 0.9643 0
1771566017856 0.99579 1
1771566028814 0.99472 2
1771566039510 1.0 3
1771566050446 1.0 4
1771566061262 1.0 5
1771566072125 0.99918 6
1771566082779 1.0 7
1771566093427 1.0 8
1771566105005 1.0 9
1771566115893 1.0 10
1771566126955 1.0 11
1771566138051 0.9975 12
1771566149155 1.0 13
1771566160221 1.0 14
1771566171053 1.0 15
1771566181820 1.0 16
1771566192744 1.0 17
1771566203651 1.0 18
1771566214580 1.0 19
1771566225398 1.0 20
1771566236345 1.0 21
1771566247125 1.0 22
1771566258005 1.0 23
1771566268980 1.0 24
1771566279876 1.0 25
1771566291142 1.0 26
1771566302059 1.0 27
1771566312937 1.0 28
1771566323806 1.0 29
1771566334433 1.0 30
1771566345303 1.0 31
1771566356242 1.0 32
1771566366957 1.0 33
1771566377655 1.0 34
1771566388308 1.0 35
1771566399063 1.0 36
1771566409887 1.0 37
1771566420834 1.0 38
1771566431833 1.0 39
1771566444027 1.0 40
1771566454838 1.0 41
1771566466391 1.0 42
1771566477301 1.0 43
1771566488054 1.0 44
1771566498908 1.0 45
1771566509984 1.0 46
1771566520812 1.0 47
1771566531616 1.0 48
1771566542486 1.0 49
1771566546719 1.0 49
