0 0.513476 0.086222 0.513201 0.058667
1 0.513476 0.147556 0.370187 0.055111
2 0.467272 0.240000 0.461496 0.072889
3 0.512376 0.314667 0.367987 0.040889
4 0.512101 0.359556 0.367437 0.041778
5 0.432893 0.404444 0.207921 0.040889
6 0.491749 0.448889 0.325633 0.040889
7 0.492024 0.497333 0.325083 0.043556
8 0.491749 0.541778 0.326733 0.041778
9 0.492574 0.585778 0.327283 0.040889
10 0.492299 0.632889 0.327833 0.039111
11 0.492024 0.678222 0.327283 0.037333
12 0.491749 0.723556 0.326733 0.039111
13 0.492024 0.765333 0.327283 0.037333
14 0.491749 0.812444 0.326733 0.039111
15 0.678218 0.405333 0.035204 0.035556
17 0.820132 0.683556 0.169417 0.037333
18 0.819582 0.728889 0.113311 0.037333