1771565513850 0.0005445533333333334 0
1771565523335 0.001078435644 1
1771565532588 0.0015903135546666669 2
1771565541493 0.0015679802000000001 3
1771565550731 0.0015349736000000002 4
1771565559936 0.001501967 5
1771565569947 0.0014689604 6
1771565579105 0.0014359538 7
1771565588332 0.0014029472000000002 8
1771565597490 0.0013699406000000003 9
1771565606513 0.0013369340000000001 10
1771565615641 0.0013039274 11
1771565624928 0.0012709208 12
1771565634130 0.0012379142000000002 13
1771565643092 0.0012049076 14
1771565652671 0.001171901 15
1771565661836 0.0011388944 16
1771565670946 0.0011058878 17
1771565679941 0.0010728812000000002 18
1771565689214 0.0010398746 19
1771565698530 0.001006868 20
1771565707560 0.0009738614000000002 21
1771565716781 0.0009408548 22
1771565726305 0.0009078482000000002 23
1771565735402 0.0008748416000000001 24
1771565744485 0.0008418350000000001 25
1771565753704 0.0008088284 26
1771565762939 0.0007758218 27
1771565772236 0.0007428151999999999 28
1771565781495 0.0007098086000000001 29
1771565790628 0.0006768020000000001 30
1771565799869 0.0006437954 31
1771565808992 0.0006107888000000001 32
1771565818111 0.0005777822 33
1771565827534 0.0005447756 34
1771565836585 0.0005117690000000001 35
1771565845635 0.00047876240000000006 36
1771565854722 0.00044575580000000005 37
1771565864103 0.0004127492 38
1771565873262 0.00037974259999999996 39
1771565884435 0.00034673599999999994 40
1771565893572 0.00031372940000000014 41
1771565902684 0.00028072280000000007 42
1771565911644 0.00024771620000000005 43
1771565921201 0.0002147096 44
1771565930343 0.00018170299999999996 45
1771565939365 0.00014869639999999995 46
1771565948257 0.00011568980000000008 47
1771565957372 8.268320000000008e-05 48
1771565966584 4.967660000000004e-05 49
