1771565513850 0.49058 0
1771565523335 0.47753 1
1771565532588 0.49827 2
1771565541493 0.54769 3
1771565550731 0.46839 4
1771565559936 0.44389 5
1771565569947 0.4444 6
1771565579105 0.4123 7
1771565588332 0.39746 8
1771565597490 0.41085 9
1771565606513 0.36894 10
1771565615641 0.35034 11
1771565624928 0.36829 12
1771565634130 0.34569 13
1771565643092 0.33628 14
1771565652671 0.36489 15
1771565661836 0.35629 16
1771565670946 0.33942 17
1771565679941 0.32852 18
1771565689214 0.2969 19
1771565698530 0.29765 20
1771565707560 0.3038 21
1771565716781 0.29314 22
1771565726305 0.27583 23
1771565735402 0.27841 24
1771565744485 0.29049 25
1771565753704 0.26315 26
1771565762939 0.25814 27
1771565772236 0.26037 28
1771565781495 0.25346 29
1771565790628 0.24038 30
1771565799869 0.2397 31
1771565808992 0.23583 32
1771565818111 0.22859 33
1771565827534 0.22432 34
1771565836585 0.23249 35
1771565845635 0.2301 36
1771565854722 0.22869 37
1771565864103 0.21097 38
1771565873262 0.20824 39
1771565884435 0.25127 40
1771565893572 0.23712 41
1771565902684 0.20955 42
1771565911644 0.19258 43
1771565921201 0.19346 44
1771565930343 0.19297 45
1771565939365 0.17321 46
1771565948257 0.17206 47
1771565957372 0.16266 48
1771565966584 0.15755 49
