1771565513850 3.29313 0
1771565523335 2.0904 1
1771565532588 1.58887 2
1771565541493 1.28307 3
1771565550731 1.02174 4
1771565559936 0.83939 5
1771565569947 0.69984 6
1771565579105 0.5885 7
1771565588332 0.51278 8
1771565597490 0.45459 9
1771565606513 0.38999 10
1771565615641 0.36501 11
1771565624928 0.33533 12
1771565634130 0.30612 13
1771565643092 0.30524 14
1771565652671 0.28597 15
1771565661836 0.2653 16
1771565670946 0.2614 17
1771565679941 0.23693 18
1771565689214 0.23257 19
1771565698530 0.22038 20
1771565707560 0.21351 21
1771565716781 0.20856 22
1771565726305 0.20107 23
1771565735402 0.20011 24
1771565744485 0.20652 25
1771565753704 0.19584 26
1771565762939 0.18063 27
1771565772236 0.17841 28
1771565781495 0.17496 29
1771565790628 0.16892 30
1771565799869 0.1532 31
1771565808992 0.15485 32
1771565818111 0.15325 33
1771565827534 0.14814 34
1771565836585 0.15514 35
1771565845635 0.14888 36
1771565854722 0.14158 37
1771565864103 0.14454 38
1771565873262 0.13521 39
1771565884435 0.2487 40
1771565893572 0.159 41
1771565902684 0.1362 42
1771565911644 0.11613 43
1771565921201 0.11375 44
1771565930343 0.11812 45
1771565939365 0.111 46
1771565948257 0.11547 47
1771565957372 0.10705 48
1771565966584 0.10651 49
