1771565513850 0.00951 0
1771565523335 0.00929 1
1771565532588 0.00949 2
1771565541493 0.01113 3
1771565550731 0.00901 4
1771565559936 0.00815 5
1771565569947 0.00866 6
1771565579105 0.00762 7
1771565588332 0.00697 8
1771565597490 0.00765 9
1771565606513 0.0065 10
1771565615641 0.00631 11
1771565624928 0.00651 12
1771565634130 0.00602 13
1771565643092 0.00599 14
1771565652671 0.00687 15
1771565661836 0.00632 16
1771565670946 0.00625 17
1771565679941 0.00604 18
1771565689214 0.00497 19
1771565698530 0.0051 20
1771565707560 0.00524 21
1771565716781 0.00506 22
1771565726305 0.00457 23
1771565735402 0.00478 24
1771565744485 0.00494 25
1771565753704 0.00445 26
1771565762939 0.00421 27
1771565772236 0.00428 28
1771565781495 0.00424 29
1771565790628 0.00407 30
1771565799869 0.00425 31
1771565808992 0.00389 32
1771565818111 0.00363 33
1771565827534 0.00366 34
1771565836585 0.00399 35
1771565845635 0.00387 36
1771565854722 0.0037 37
1771565864103 0.00347 38
1771565873262 0.0034 39
1771565884435 0.00598 40
1771565893572 0.00534 41
1771565902684 0.00479 42
1771565911644 0.00418 43
1771565921201 0.00416 44
1771565930343 0.00402 45
1771565939365 0.0035 46
1771565948257 0.00346 47
1771565957372 0.00311 48
1771565966584 0.003 49
