1771565515310 0.73299 0
1771565524734 0.93613 1
1771565533948 0.96403 2
1771565543026 0.96374 3
1771565552154 0.96809 4
1771565562101 0.97658 5
1771565571370 0.97467 6
1771565580501 0.97438 7
1771565589691 0.98713 8
1771565598866 0.97996 9
1771565607934 0.97737 10
1771565617007 0.9848 11
1771565626289 0.98877 12
1771565635447 0.98984 13
1771565644815 0.98561 14
1771565654055 0.98894 15
1771565663203 0.99222 16
1771565672319 0.99118 17
1771565681363 0.99064 18
1771565690580 0.99085 19
1771565699905 0.98348 20
1771565708951 0.9908 21
1771565718088 0.99243 22
1771565727670 0.98929 23
1771565736733 0.98931 24
1771565745810 0.98922 25
1771565755092 0.98942 26
1771565764277 0.98973 27
1771565773690 0.99365 28
1771565782848 0.99355 29
1771565791974 0.99313 30
1771565801188 0.99246 31
1771565810362 0.99149 32
1771565819810 0.9928 33
1771565828874 0.99138 34
1771565837966 0.99299 35
1771565847008 0.99294 36
1771565856108 0.99335 37
1771565865434 0.99322 38
1771565874647 0.99287 39
1771565885818 0.9945 40
1771565894900 0.99393 41
1771565904050 0.9947 42
1771565913531 0.99449 43
1771565922517 0.99411 44
1771565931708 0.994 45
1771565940713 0.99441 46
1771565949608 0.99421 47
1771565958718 0.99446 48
1771565967924 0.99465 49
1771565972369 0.9944325419719047 49
