1771565515310 0.61655 0
1771565524734 0.84852 1
1771565533948 0.86327 2
1771565543026 0.83728 3
1771565552154 0.85014 4
1771565562101 0.88818 5
1771565571370 0.87212 6
1771565580501 0.87361 7
1771565589691 0.9501 8
1771565598866 0.89308 9
1771565607934 0.94958 10
1771565617007 0.94677 11
1771565626289 0.92426 12
1771565635447 0.90772 13
1771565644815 0.93589 14
1771565654055 0.96013 15
1771565663203 0.91725 16
1771565672319 0.93858 17
1771565681363 0.96322 18
1771565690580 0.96269 19
1771565699905 0.95137 20
1771565708951 0.91152 21
1771565718088 0.92527 22
1771565727670 0.96459 23
1771565736733 0.95336 24
1771565745810 0.96961 25
1771565755092 0.96805 26
1771565764277 0.96934 27
1771565773690 0.97998 28
1771565782848 0.97213 29
1771565791974 0.95607 30
1771565801188 0.97814 31
1771565810362 0.98002 32
1771565819810 0.9807 33
1771565828874 0.97856 34
1771565837966 0.97544 35
1771565847008 0.98017 36
1771565856108 0.98317 37
1771565865434 0.98243 38
1771565874647 0.98359 39
1771565885818 0.97472 40
1771565894900 0.98056 41
1771565904050 0.98128 42
1771565913531 0.98181 43
1771565922517 0.9826 44
1771565931708 0.98223 45
1771565940713 0.98341 46
1771565949608 0.98511 47
1771565958718 0.98571 48
1771565967924 0.98549 49
1771565972369 0.9856308001151994 49
