1771565515310 0.00668 0
1771565524734 0.89058 1
1771565533948 0.85019 2
1771565543026 0.88958 3
1771565552154 0.88551 4
1771565562101 0.88037 5
1771565571370 0.93076 6
1771565580501 0.90781 7
1771565589691 0.95532 8
1771565598866 0.94632 9
1771565607934 0.9069 10
1771565617007 0.94681 11
1771565626289 0.93415 12
1771565635447 0.9548 13
1771565644815 0.95182 14
1771565654055 0.96873 15
1771565663203 0.96445 16
1771565672319 0.97472 17
1771565681363 0.96663 18
1771565690580 0.97513 19
1771565699905 0.95234 20
1771565708951 0.97932 21
1771565718088 0.97287 22
1771565727670 0.95034 23
1771565736733 0.95179 24
1771565745810 0.94459 25
1771565755092 0.94364 26
1771565764277 0.98404 27
1771565773690 0.97857 28
1771565782848 0.98495 29
1771565791974 0.98875 30
1771565801188 0.97724 31
1771565810362 0.97699 32
1771565819810 0.98124 33
1771565828874 0.97586 34
1771565837966 0.96728 35
1771565847008 0.99053 36
1771565856108 0.98819 37
1771565865434 0.99156 38
1771565874647 0.97994 39
1771565885818 0.98373 40
1771565894900 0.96945 41
1771565904050 0.99238 42
1771565913531 0.9932 43
1771565922517 0.98524 44
1771565931708 0.98329 45
1771565940713 0.98075 46
1771565949608 0.97915 47
1771565958718 0.98969 48
1771565967924 0.98699 49
1771565972369 0.9875515795601297 49
