1771565515310 1.0 0
1771565524734 0.72189 1
1771565533948 0.92956 2
1771565543026 0.88869 3
1771565552154 0.87809 4
1771565562101 0.88956 5
1771565571370 0.91366 6
1771565580501 0.92148 7
1771565589691 0.93971 8
1771565598866 0.9175 9
1771565607934 0.9475 10
1771565617007 0.94661 11
1771565626289 0.9725 12
1771565635447 0.9406 13
1771565644815 0.96661 14
1771565654055 0.9425 15
1771565663203 0.985 16
1771565672319 0.96933 17
1771565681363 0.965 18
1771565690580 0.96557 19
1771565699905 0.9375 20
1771565708951 0.96046 21
1771565718088 0.9601 22
1771565727670 0.96658 23
1771565736733 0.9525 24
1771565745810 0.97067 25
1771565755092 0.98487 26
1771565764277 0.95 27
1771565773690 0.98749 28
1771565782848 0.9756 29
1771565791974 0.965 30
1771565801188 0.96894 31
1771565810362 0.96167 32
1771565819810 0.9675 33
1771565828874 0.96987 34
1771565837966 0.98767 35
1771565847008 0.9675 36
1771565856108 0.98594 37
1771565865434 0.96439 38
1771565874647 0.9675 39
1771565885818 0.98489 40
1771565894900 0.99068 41
1771565904050 0.99 42
1771565913531 0.98776 43
1771565922517 0.99296 44
1771565931708 0.98751 45
1771565940713 0.99832 46
1771565949608 0.995 47
1771565958718 0.9875 48
1771565967924 0.995 49
1771565972369 0.9875 49
