1771566002135 0.00055011 0
1771566016306 0.0010838822886666665 1
1771566027259 0.0015956501773333335 2
1771566038035 0.0015679802000000001 3
1771566048975 0.0015349736000000002 4
1771566059838 0.001501967 5
1771566070716 0.0014689604 6
1771566081303 0.0014359538 7
1771566092006 0.0014029472000000002 8
1771566102680 0.0013699406000000003 9
1771566114476 0.0013369340000000001 10
1771566125552 0.0013039274 11
1771566136616 0.0012709208 12
1771566147755 0.0012379142000000002 13
1771566158791 0.0012049076 14
1771566169550 0.001171901 15
1771566180377 0.0011388944 16
1771566191335 0.0011058878 17
1771566202245 0.0010728812000000002 18
1771566213158 0.0010398746 19
1771566223998 0.001006868 20
1771566234923 0.0009738614000000002 21
1771566245666 0.0009408548 22
1771566256526 0.0009078482000000002 23
1771566267554 0.0008748416000000001 24
1771566278462 0.0008418350000000001 25
1771566289729 0.0008088284 26
1771566300618 0.0007758218 27
1771566311546 0.0007428151999999999 28
1771566322324 0.0007098086000000001 29
1771566333032 0.0006768020000000001 30
1771566343892 0.0006437954 31
1771566354813 0.0006107888000000001 32
1771566365551 0.0005777822 33
1771566376265 0.0005447756 34
1771566386850 0.0005117690000000001 35
1771566397649 0.00047876240000000006 36
1771566408484 0.00044575580000000005 37
1771566419382 0.0004127492 38
1771566430416 0.00037974259999999996 39
1771566442600 0.00034673599999999994 40
1771566453426 0.00031372940000000014 41
1771566464972 0.00028072280000000007 42
1771566475839 0.00024771620000000005 43
1771566486588 0.0002147096 44
1771566497434 0.00018170299999999996 45
1771566508578 0.00014869639999999995 46
1771566519364 0.00011568980000000008 47
1771566530125 8.268320000000008e-05 48
1771566541036 4.967660000000004e-05 49
